# Hz S RI R 50

1.000000000000000e+01 -6.0559259259259264e+01  0.0000000000000000e+00  5.9259259259259248e-02  0.0000000000000000e+00  5.9259259259259248e-02  0.0000000000000000e+00 -4.5559259259259264e+01  0.0000000000000000e+00
1.122018454301964e+01 -6.0559259259259264e+01  0.0000000000000000e+00  5.9259259259259248e-02  0.0000000000000000e+00  5.9259259259259248e-02  0.0000000000000000e+00 -4.5559259259259264e+01  0.0000000000000000e+00
1.258925411794167e+01 -6.0559259259259264e+01  0.0000000000000000e+00  5.9259259259259248e-02  0.0000000000000000e+00  5.9259259259259248e-02  0.0000000000000000e+00 -4.5559259259259264e+01  0.0000000000000000e+00
1.412537544622754e+01 -6.0559259259259264e+01  0.0000000000000000e+00  5.9259259259259248e-02  0.0000000000000000e+00  5.9259259259259248e-02  0.0000000000000000e+00 -4.5559259259259264e+01  0.0000000000000000e+00
1.584893192461113e+01 -6.0559259259259264e+01  0.0000000000000000e+00  5.9259259259259248e-02  0.0000000000000000e+00  5.9259259259259248e-02  0.0000000000000000e+00 -4.5559259259259264e+01  0.0000000000000000e+00
1.778279410038923e+01 -6.0559259259259264e+01  0.0000000000000000e+00  5.9259259259259248e-02  0.0000000000000000e+00  5.9259259259259248e-02  0.0000000000000000e+00 -4.5559259259259264e+01  0.0000000000000000e+00
1.995262314968880e+01 -6.0559259259259264e+01  0.0000000000000000e+00  5.9259259259259248e-02  0.0000000000000000e+00  5.9259259259259248e-02  0.0000000000000000e+00 -4.5559259259259264e+01  0.0000000000000000e+00
2.238721138568340e+01 -6.0559259259259264e+01  0.0000000000000000e+00  5.9259259259259248e-02  0.0000000000000000e+00  5.9259259259259248e-02  0.0000000000000000e+00 -4.5559259259259264e+01  0.0000000000000000e+00
2.511886431509580e+01 -6.0559259259259264e+01  0.0000000000000000e+00  5.9259259259259248e-02  0.0000000000000000e+00  5.9259259259259248e-02  0.0000000000000000e+00 -4.5559259259259264e+01  0.0000000000000000e+00
2.818382931264453e+01 -6.0559259259259264e+01  0.0000000000000000e+00  5.9259259259259248e-02  0.0000000000000000e+00  5.9259259259259248e-02  0.0000000000000000e+00 -4.5559259259259264e+01  0.0000000000000000e+00
3.162277660168379e+01 -6.0559259259259264e+01  0.0000000000000000e+00  5.9259259259259248e-02  0.0000000000000000e+00  5.9259259259259248e-02  0.0000000000000000e+00 -4.5559259259259264e+01  0.0000000000000000e+00
3.548133892335755e+01 -6.0559259259259264e+01  0.0000000000000000e+00  5.9259259259259248e-02  0.0000000000000000e+00  5.9259259259259248e-02  0.0000000000000000e+00 -4.5559259259259264e+01  0.0000000000000000e+00
3.981071705534973e+01 -6.0559259259259264e+01  0.0000000000000000e+00  5.9259259259259248e-02  0.0000000000000000e+00  5.9259259259259248e-02  0.0000000000000000e+00 -4.5559259259259264e+01  0.0000000000000000e+00
4.466835921509630e+01 -6.0559259259259264e+01  0.0000000000000000e+00  5.9259259259259248e-02  0.0000000000000000e+00  5.9259259259259248e-02  0.0000000000000000e+00 -4.5559259259259264e+01  0.0000000000000000e+00
5.011872336272722e+01 -6.0559259259259264e+01  0.0000000000000000e+00  5.9259259259259248e-02  0.0000000000000000e+00  5.9259259259259248e-02  0.0000000000000000e+00 -4.5559259259259264e+01  0.0000000000000000e+00
5.623413251903491e+01 -6.0559259259259264e+01  0.0000000000000000e+00  5.9259259259259248e-02  0.0000000000000000e+00  5.9259259259259248e-02  0.0000000000000000e+00 -4.5559259259259264e+01  0.0000000000000000e+00
6.309573444801933e+01 -6.0559259259259264e+01  0.0000000000000000e+00  5.9259259259259248e-02  0.0000000000000000e+00  5.9259259259259248e-02  0.0000000000000000e+00 -4.5559259259259264e+01  0.0000000000000000e+00
7.079457843841381e+01 -6.0559259259259264e+01  0.0000000000000000e+00  5.9259259259259248e-02  0.0000000000000000e+00  5.9259259259259248e-02  0.0000000000000000e+00 -4.5559259259259264e+01  0.0000000000000000e+00
7.943282347242814e+01 -6.0559259259259264e+01  0.0000000000000000e+00  5.9259259259259248e-02  0.0000000000000000e+00  5.9259259259259248e-02  0.0000000000000000e+00 -4.5559259259259264e+01  0.0000000000000000e+00
8.912509381337455e+01 -6.0559259259259264e+01  0.0000000000000000e+00  5.9259259259259248e-02  0.0000000000000000e+00  5.9259259259259248e-02  0.0000000000000000e+00 -4.5559259259259264e+01  0.0000000000000000e+00
1.000000000000000e+02 -6.0559259259259264e+01  0.0000000000000000e+00  5.9259259259259248e-02  0.0000000000000000e+00  5.9259259259259248e-02  0.0000000000000000e+00 -4.5559259259259264e+01  0.0000000000000000e+00
